    -3.14159265  -0.31415926535898E+001  +0.11800000000000E+001  +0.10000000000000E+001  -0.22043642384652E-016  +0.31695304227630E-032  +0.10000000000000E+001  +0.00000000000000E+000  +0.00000000000000E+000  +0.30864197530864E+002  +0.71054273576010E-014  +0.41636927102288E-013  +0.15254237288136E+000
    -3.01069296  -0.30106929596902E+001  +0.11784600750473E+001  +0.99144486137381E+000  -0.23494714599609E-001  +0.00000000000000E+000  +0.10000000000000E+001  +0.00000000000000E+000  +0.00000000000000E+000  +0.30864197530864E+002  +0.71054273576010E-014  -0.22311919116121E-013  +0.15274170403505E+000
    -2.87979327  -0.28797932657906E+001  +0.11738666487320E+001  +0.96592582628907E+000  -0.46587428118454E-001  +0.00000000000000E+000  +0.10000000000000E+001  +0.00000000000000E+000  +0.00000000000000E+000  +0.30864197530864E+002  +0.71054273576010E-014  -0.15206491758520E-013  +0.15333939352858E+000
    -2.74889357  -0.27488935718911E+001  +0.11662983158520E+001  +0.92387953251129E+000  -0.68883017825716E-001  +0.71371480154474E-017  +0.10000000000000E+001  +0.00000000000000E+000  +0.00000000000000E+000  +0.30864197530864E+002  +0.71054273576010E-014  -0.99563704331817E-015  +0.15433444218643E+000
    -2.61799388  -0.26179938779915E+001  +0.11558845726812E+001  +0.86602540378444E+000  -0.90000000000000E-001  +0.14274296030895E-016  +0.10000000000000E+001  +0.00000000000000E+000  +0.00000000000000E+000  +0.30864197530864E+002  +0.71054273576010E-014  +0.20320645029485E-013  +0.15572489178783E+000
    -2.48709418  -0.24870941840919E+001  +0.11428036012524E+001  +0.79335334029124E+000  -0.10957705722157E+000  +0.00000000000000E+000  +0.10000000000000E+001  +0.00000000000000E+000  +0.00000000000000E+000  +0.30864197530864E+002  +0.71054273576010E-014  -0.81010644009192E-014  +0.15750737904810E+000
    -2.35619449  -0.23561944901923E+001  +0.11272792206136E+001  +0.70710678118655E+000  -0.12727922061358E+000  +0.14274296030895E-016  +0.10000000000000E+001  +0.00000000000000E+000  +0.00000000000000E+000  +0.30864197530864E+002  +0.71054273576010E-014  +0.61097903142828E-014  +0.15967649958280E+000
    -2.22529480  -0.22252947962928E+001  +0.11095770572216E+001  +0.60876142900872E+000  -0.14280360125242E+000  +0.00000000000000E+000  +0.10000000000000E+001  +0.00000000000000E+000  +0.00000000000000E+000  +0.30864197530864E+002  +0.71054273576010E-014  -0.29417346473722E-013  +0.16222397428686E+000
    -2.09439510  -0.20943951023932E+001  +0.10900000000000E+001  +0.50000000000000E+000  -0.15588457268120E+000  +0.00000000000000E+000  +0.10000000000000E+001  +0.00000000000000E+000  +0.00000000000000E+000  +0.30864197530864E+002  +0.71054273576010E-014  -0.99563704331817E-015  +0.16513761467890E+000
    -1.96349541  -0.19634954084936E+001  +0.10688830178257E+001  +0.38268343236509E+000  -0.16629831585203E+000  +0.14274296030895E-016  +0.10000000000000E+001  +0.00000000000000E+000  +0.00000000000000E+000  +0.30864197530864E+002  +0.71054273576010E-014  +0.61097903142828E-014  +0.16840009336676E+000
    -1.83259571  -0.18325957145940E+001  +0.10465874281185E+001  +0.25881904510252E+000  -0.17386664873203E+000  +0.14274296030895E-016  +0.10000000000000E+001  +0.00000000000000E+000  +0.00000000000000E+000  +0.30864197530864E+002  +0.71054273576010E-014  -0.99563704331817E-015  +0.17198754271643E+000
    -1.70169602  -0.17016960206945E+001  +0.10234947145996E+001  +0.13052619222005E+000  -0.17846007504729E+000  +0.00000000000000E+000  +0.10000000000000E+001  +0.00000000000000E+000  +0.00000000000000E+000  +0.30864197530864E+002  +0.71054273576010E-014  -0.81010644009192E-014  +0.17586803080895E+000
    -1.57079633  -0.15707963267949E+001  +0.10000000000000E+001  +0.13951473992035E-015  -0.18000000000000E+000  +0.14274296030895E-016  +0.10000000000000E+001  +0.00000000000000E+000  +0.00000000000000E+000  +0.30864197530864E+002  +0.71054273576010E-014  +0.13215217671884E-013  +0.18000000000000E+000
    -1.43989663  -0.14398966328953E+001  +0.97650528540039E+000  -0.13052619222005E+000  -0.17846007504729E+000  +0.00000000000000E+000  +0.10000000000000E+001  +0.00000000000000E+000  +0.00000000000000E+000  +0.30864197530864E+002  +0.71054273576010E-014  -0.15206491758520E-013  +0.18433079952680E+000
    -1.30899694  -0.13089969389957E+001  +0.95341257188155E+000  -0.25881904510252E+000  -0.17386664873203E+000  +0.14274296030895E-016  +0.10000000000000E+001  +0.00000000000000E+000  +0.00000000000000E+000  +0.30864197530864E+002  +0.71054273576010E-014  -0.99563704331817E-015  +0.18879549662826E+000
    -1.17809725  -0.11780972450962E+001  +0.93111698217428E+000  -0.38268343236509E+000  -0.16629831585203E+000  +0.00000000000000E+000  +0.10000000000000E+001  +0.00000000000000E+000  +0.00000000000000E+000  +0.30864197530864E+002  +0.71054273576010E-014  +0.61097903142828E-014  +0.19331620349108E+000
    -1.04719755  -0.10471975511966E+001  +0.91000000000000E+000  -0.50000000000000E+000  -0.15588457268120E+000  +0.14274296030895E-016  +0.10000000000000E+001  +0.00000000000000E+000  +0.00000000000000E+000  +0.30864197530864E+002  +0.71054273576010E-014  +0.61097903142828E-014  +0.19780219780220E+000
    -0.91629786  -0.91629785729702E+000  +0.89042294277843E+000  -0.60876142900872E+000  -0.14280360125242E+000  +0.00000000000000E+000  +0.10000000000000E+001  +0.00000000000000E+000  +0.00000000000000E+000  +0.30864197530864E+002  +0.71054273576010E-014  +0.13215217671884E-013  +0.20215112543971E+000
    -0.78539816  -0.78539816339745E+000  +0.87272077938642E+000  -0.70710678118655E+000  -0.12727922061358E+000  +0.00000000000000E+000  +0.10000000000000E+001  +0.00000000000000E+000  +0.00000000000000E+000  +0.30864197530864E+002  +0.71054273576010E-014  +0.13215217671884E-013  +0.20625153457049E+000
    -0.65449847  -0.65449846949787E+000  +0.85719639874758E+000  -0.79335334029124E+000  -0.10957705722157E+000  +0.00000000000000E+000  +0.10000000000000E+001  +0.00000000000000E+000  +0.00000000000000E+000  +0.30864197530864E+002  +0.71054273576010E-014  +0.61097903142828E-014  +0.20998688312619E+000
    -0.52359878  -0.52359877559830E+000  +0.84411542731880E+000  -0.86602540378444E+000  -0.90000000000000E-001  +0.00000000000000E+000  +0.10000000000000E+001  +0.00000000000000E+000  +0.00000000000000E+000  +0.30864197530864E+002  +0.71054273576010E-014  +0.61097903142828E-014  +0.21324097886914E+000
    -0.39269908  -0.39269908169872E+000  +0.83370168414797E+000  -0.92387953251129E+000  -0.68883017825716E-001  +0.00000000000000E+000  +0.10000000000000E+001  +0.00000000000000E+000  +0.00000000000000E+000  +0.30864197530864E+002  +0.71054273576010E-014  -0.99563704331817E-015  +0.21590456565283E+000
    -0.26179939  -0.26179938779915E+000  +0.82613335126797E+000  -0.96592582628907E+000  -0.46587428118454E-001  +0.71371480154474E-017  +0.10000000000000E+001  +0.00000000000000E+000  +0.00000000000000E+000  +0.30864197530864E+002  +0.71054273576010E-014  +0.13215217671884E-013  +0.21788250011179E+000
    -0.13089969  -0.13089969389957E+000  +0.82153992495271E+000  -0.99144486137381E+000  -0.23494714599609E-001  +0.00000000000000E+000  +0.10000000000000E+001  +0.00000000000000E+000  +0.00000000000000E+000  +0.30864197530864E+002  +0.71054273576010E-014  -0.99563704331817E-015  +0.21910073330929E+000
     0.00000000  +0.00000000000000E+000  +0.82000000000000E+000  -0.10000000000000E+001  +0.00000000000000E+000  +0.00000000000000E+000  +0.10000000000000E+001  +0.00000000000000E+000  +0.00000000000000E+000  +0.30864197530864E+002  +0.71054273576010E-014  +0.61097903142828E-014  +0.21951219512195E+000
     0.13089969  +0.13089969389957E+000  +0.82153992495271E+000  -0.99144486137381E+000  +0.23494714599609E-001  +0.00000000000000E+000  +0.10000000000000E+001  +0.00000000000000E+000  +0.00000000000000E+000  +0.30864197530864E+002  +0.71054273576010E-014  -0.99563704331817E-015  +0.21910073330929E+000
     0.26179939  +0.26179938779915E+000  +0.82613335126797E+000  -0.96592582628907E+000  +0.46587428118454E-001  -0.71371480154474E-017  +0.10000000000000E+001  +0.00000000000000E+000  +0.00000000000000E+000  +0.30864197530864E+002  +0.71054273576010E-014  +0.13215217671884E-013  +0.21788250011179E+000
     0.39269908  +0.39269908169872E+000  +0.83370168414797E+000  -0.92387953251129E+000  +0.68883017825716E-001  +0.00000000000000E+000  +0.10000000000000E+001  +0.00000000000000E+000  +0.00000000000000E+000  +0.30864197530864E+002  +0.71054273576010E-014  -0.99563704331817E-015  +0.21590456565283E+000
     0.52359878  +0.52359877559830E+000  +0.84411542731880E+000  -0.86602540378444E+000  +0.90000000000000E-001  +0.00000000000000E+000  +0.10000000000000E+001  +0.00000000000000E+000  +0.00000000000000E+000  +0.30864197530864E+002  +0.71054273576010E-014  +0.61097903142828E-014  +0.21324097886914E+000
     0.65449847  +0.65449846949787E+000  +0.85719639874758E+000  -0.79335334029124E+000  +0.10957705722157E+000  +0.00000000000000E+000  +0.10000000000000E+001  +0.00000000000000E+000  +0.00000000000000E+000  +0.30864197530864E+002  +0.71054273576010E-014  +0.61097903142828E-014  +0.20998688312619E+000
     0.78539816  +0.78539816339745E+000  +0.87272077938642E+000  -0.70710678118655E+000  +0.12727922061358E+000  +0.00000000000000E+000  +0.10000000000000E+001  +0.00000000000000E+000  +0.00000000000000E+000  +0.30864197530864E+002  +0.71054273576010E-014  +0.13215217671884E-013  +0.20625153457049E+000
     0.91629786  +0.91629785729702E+000  +0.89042294277843E+000  -0.60876142900872E+000  +0.14280360125242E+000  +0.00000000000000E+000  +0.10000000000000E+001  +0.00000000000000E+000  +0.00000000000000E+000  +0.30864197530864E+002  +0.71054273576010E-014  +0.13215217671884E-013  +0.20215112543971E+000
     1.04719755  +0.10471975511966E+001  +0.91000000000000E+000  -0.50000000000000E+000  +0.15588457268120E+000  -0.14274296030895E-016  +0.10000000000000E+001  +0.00000000000000E+000  +0.00000000000000E+000  +0.30864197530864E+002  +0.71054273576010E-014  +0.61097903142828E-014  +0.19780219780220E+000
     1.17809725  +0.11780972450962E+001  +0.93111698217428E+000  -0.38268343236509E+000  +0.16629831585203E+000  +0.00000000000000E+000  +0.10000000000000E+001  +0.00000000000000E+000  +0.00000000000000E+000  +0.30864197530864E+002  +0.71054273576010E-014  +0.61097903142828E-014  +0.19331620349108E+000
     1.30899694  +0.13089969389957E+001  +0.95341257188155E+000  -0.25881904510252E+000  +0.17386664873203E+000  -0.14274296030895E-016  +0.10000000000000E+001  +0.00000000000000E+000  +0.00000000000000E+000  +0.30864197530864E+002  +0.71054273576010E-014  -0.99563704331817E-015  +0.18879549662826E+000
     1.43989663  +0.14398966328953E+001  +0.97650528540039E+000  -0.13052619222005E+000  +0.17846007504729E+000  +0.00000000000000E+000  +0.10000000000000E+001  +0.00000000000000E+000  +0.00000000000000E+000  +0.30864197530864E+002  +0.71054273576010E-014  -0.15206491758520E-013  +0.18433079952680E+000
     1.57079633  +0.15707963267949E+001  +0.10000000000000E+001  +0.13951473992035E-015  +0.18000000000000E+000  -0.14274296030895E-016  +0.10000000000000E+001  +0.00000000000000E+000  +0.00000000000000E+000  +0.30864197530864E+002  +0.71054273576010E-014  +0.13215217671884E-013  +0.18000000000000E+000
     1.70169602  +0.17016960206945E+001  +0.10234947145996E+001  +0.13052619222005E+000  +0.17846007504729E+000  +0.00000000000000E+000  +0.10000000000000E+001  +0.00000000000000E+000  +0.00000000000000E+000  +0.30864197530864E+002  +0.71054273576010E-014  -0.81010644009192E-014  +0.17586803080895E+000
     1.83259571  +0.18325957145940E+001  +0.10465874281185E+001  +0.25881904510252E+000  +0.17386664873203E+000  -0.14274296030895E-016  +0.10000000000000E+001  +0.00000000000000E+000  +0.00000000000000E+000  +0.30864197530864E+002  +0.71054273576010E-014  -0.99563704331817E-015  +0.17198754271643E+000
     1.96349541  +0.19634954084936E+001  +0.10688830178257E+001  +0.38268343236509E+000  +0.16629831585203E+000  -0.14274296030895E-016  +0.10000000000000E+001  +0.00000000000000E+000  +0.00000000000000E+000  +0.30864197530864E+002  +0.71054273576010E-014  +0.61097903142828E-014  +0.16840009336676E+000
     2.09439510  +0.20943951023932E+001  +0.10900000000000E+001  +0.50000000000000E+000  +0.15588457268120E+000  +0.00000000000000E+000  +0.10000000000000E+001  +0.00000000000000E+000  +0.00000000000000E+000  +0.30864197530864E+002  +0.71054273576010E-014  -0.99563704331817E-015  +0.16513761467890E+000
     2.22529480  +0.22252947962928E+001  +0.11095770572216E+001  +0.60876142900872E+000  +0.14280360125242E+000  +0.00000000000000E+000  +0.10000000000000E+001  +0.00000000000000E+000  +0.00000000000000E+000  +0.30864197530864E+002  +0.71054273576010E-014  -0.29417346473722E-013  +0.16222397428686E+000
     2.35619449  +0.23561944901923E+001  +0.11272792206136E+001  +0.70710678118655E+000  +0.12727922061358E+000  -0.14274296030895E-016  +0.10000000000000E+001  +0.00000000000000E+000  +0.00000000000000E+000  +0.30864197530864E+002  +0.71054273576010E-014  +0.61097903142828E-014  +0.15967649958280E+000
     2.48709418  +0.24870941840919E+001  +0.11428036012524E+001  +0.79335334029124E+000  +0.10957705722157E+000  +0.00000000000000E+000  +0.10000000000000E+001  +0.00000000000000E+000  +0.00000000000000E+000  +0.30864197530864E+002  +0.71054273576010E-014  -0.81010644009192E-014  +0.15750737904810E+000
     2.61799388  +0.26179938779915E+001  +0.11558845726812E+001  +0.86602540378444E+000  +0.90000000000000E-001  -0.14274296030895E-016  +0.10000000000000E+001  +0.00000000000000E+000  +0.00000000000000E+000  +0.30864197530864E+002  +0.71054273576010E-014  +0.20320645029485E-013  +0.15572489178783E+000
     2.74889357  +0.27488935718911E+001  +0.11662983158520E+001  +0.92387953251129E+000  +0.68883017825716E-001  -0.71371480154474E-017  +0.10000000000000E+001  +0.00000000000000E+000  +0.00000000000000E+000  +0.30864197530864E+002  +0.71054273576010E-014  -0.99563704331817E-015  +0.15433444218643E+000
     2.87979327  +0.28797932657906E+001  +0.11738666487320E+001  +0.96592582628907E+000  +0.46587428118454E-001  +0.00000000000000E+000  +0.10000000000000E+001  +0.00000000000000E+000  +0.00000000000000E+000  +0.30864197530864E+002  +0.71054273576010E-014  -0.15206491758520E-013  +0.15333939352858E+000
     3.01069296  +0.30106929596902E+001  +0.11784600750473E+001  +0.99144486137381E+000  +0.23494714599609E-001  +0.00000000000000E+000  +0.10000000000000E+001  +0.00000000000000E+000  +0.00000000000000E+000  +0.30864197530864E+002  +0.71054273576010E-014  -0.22311919116121E-013  +0.15274170403505E+000
