   0.00000  1.0000000E-02  1.0000000E-02  4.0392107E-02
   0.10000  1.0000000E-02  1.0000000E-02  3.8602366E-02
   0.20000  1.0000000E-02  1.0000000E-02  3.8883355E-02
   0.30000  1.0000000E-02  1.0000000E-02  4.0541777E-02
   0.40000  1.0000000E-02  1.0000000E-02  4.1333173E-02
   0.50000  1.0000000E-02  1.0000000E-02  4.4301430E-02
   0.60000  1.0000000E-02  1.0000000E-02  4.3796277E-02
   0.70000  1.0000000E-02  1.0000000E-02  4.1533908E-02
   0.80000  1.0000000E-02  1.0000000E-02  4.1076071E-02
   0.90000  1.0000000E-02  1.0000000E-02  4.0945498E-02
   1.00000  1.0000000E-02  1.0000000E-02  4.2993884E-02
   1.10000  1.0000000E-02  1.0000000E-02  4.6518052E-02
   1.20000  1.0000000E-02  1.0000000E-02  5.0644916E-02
   1.30000  1.0000000E-02  1.0000000E-02  5.2604386E-02
   1.40000  1.0000000E-02  1.0000000E-02  5.3536895E-02
   1.50000  1.0000000E-02  1.0000000E-02  5.4881506E-02
   1.60000  1.0000000E-02  1.0000000E-02  5.8530182E-02
   1.70000  1.0000000E-02  1.0000000E-02  6.2250127E-02
   1.80000  1.0000000E-02  1.0000000E-02  6.4669631E-02
   1.90000  1.0000000E-02  1.0000000E-02  6.7440104E-02
   2.00000  1.0000000E-02  1.0000000E-02  6.8451733E-02
   2.10000  1.0000000E-02  1.0000000E-02  7.1363949E-02
   2.20000  1.0000000E-02  1.0000000E-02  7.2854242E-02
   2.30000  1.0000000E-02  1.0000000E-02  7.6128827E-02
   2.40000  1.0000000E-02  1.0000000E-02  7.6810938E-02
   2.50000  1.0000000E-02  1.0000000E-02  7.9266985E-02
   2.60000  1.0000000E-02  1.0000000E-02  8.3549563E-02
   2.70000  1.0000000E-02  1.0000000E-02  8.6612346E-02
   2.80000  1.0000000E-02  1.0000000E-02  9.1888925E-02
   2.90000  1.0000000E-02  1.0000000E-02  9.4485995E-02
   3.00000  1.0000000E-02  1.0000000E-02  9.6686273E-02
   3.10000  1.0000000E-02  1.0000000E-02  1.0088164E-01
   3.20000  1.0000000E-02  1.0000000E-02  1.0268548E-01
   3.30000  1.0000000E-02  1.0000000E-02  1.0537114E-01
   3.40000  1.0000000E-02  1.0000000E-02  1.0955855E-01
   3.50000  1.0000000E-02  1.0000000E-02  1.1521632E-01
   3.60000  1.0000000E-02  1.0000000E-02  1.2233236E-01
   3.70000  1.0000000E-02  1.0000000E-02  1.2574181E-01
   3.80000  1.0000000E-02  1.0000000E-02  1.3048115E-01
   3.90000  1.0000000E-02  1.0000000E-02  1.3753995E-01
   4.00000  1.0000000E-02  1.0000000E-02  1.4582216E-01
   4.10000  1.0000000E-02  1.0000000E-02  1.5347146E-01
   4.20000  1.0000000E-02  1.0000000E-02  1.5714142E-01
   4.30000  1.0000000E-02  1.0000000E-02  1.6249952E-01
   4.40000  1.0000000E-02  1.0000000E-02  1.6186099E-01
   4.50000  1.0000000E-02  1.0000000E-02  1.6243377E-01
   4.60000  1.0000000E-02  1.0000000E-02  1.6374385E-01
   4.70000  1.0000000E-02  1.0000000E-02  1.6568180E-01
   4.80000  1.0000000E-02  1.0000000E-02  1.6843066E-01
   4.90000  1.0000000E-02  1.0000000E-02  1.7215853E-01
   5.00000  1.0000000E-02  1.0000000E-02  1.7689583E-01
   5.10000  1.0000000E-02  1.0000000E-02  1.7631678E-01
   5.20000  1.0000000E-02  1.0000000E-02  1.7583871E-01
   5.30000  1.0000000E-02  1.0000000E-02  1.7629486E-01
   5.40000  1.0000000E-02  1.0000000E-02  1.7772624E-01
   5.50000  1.0000000E-02  1.0000000E-02  1.8018124E-01
   5.60000  1.0000000E-02  1.0000000E-02  1.8372221E-01
   5.70000  1.0000000E-02  1.0000000E-02  1.8844465E-01
   5.80000  1.0000000E-02  1.0000000E-02  1.9361169E-01
   5.90000  1.0000000E-02  1.0000000E-02  1.9578237E-01
   6.00000  1.0000000E-02  1.0000000E-02  1.9925064E-01
   6.10000  1.0000000E-02  1.0000000E-02  2.0409369E-01
   6.20000  1.0000000E-02  1.0000000E-02  2.0456750E-01
   6.30000  1.0000000E-02  1.0000000E-02  2.0345541E-01
   6.40000  1.0000000E-02  1.0000000E-02  2.0370814E-01
   6.50000  1.0000000E-02  1.0000000E-02  2.0529031E-01
   6.60000  1.0000000E-02  1.0000000E-02  2.0819155E-01
   6.70000  1.0000000E-02  1.0000000E-02  2.1243071E-01
   6.80000  1.0000000E-02  1.0000000E-02  2.1806655E-01
   6.90000  1.0000000E-02  1.0000000E-02  2.2520510E-01
   7.00000  1.0000000E-02  1.0000000E-02  2.2757825E-01
   7.10000  1.0000000E-02  1.0000000E-02  2.3202580E-01
   7.20000  1.0000000E-02  1.0000000E-02  2.3914843E-01
   7.30000  1.0000000E-02  1.0000000E-02  2.3730355E-01
   7.40000  1.0000000E-02  1.0000000E-02  2.3831404E-01
   7.50000  1.0000000E-02  1.0000000E-02  2.4217239E-01
   7.60000  1.0000000E-02  1.0000000E-02  2.4612031E-01
   7.70000  1.0000000E-02  1.0000000E-02  2.4776677E-01
   7.80000  1.0000000E-02  1.0000000E-02  2.5209029E-01
   7.90000  1.0000000E-02  1.0000000E-02  2.5063260E-01
   8.00000  1.0000000E-02  1.0000000E-02  2.4854231E-01
   8.10000  1.0000000E-02  1.0000000E-02  2.4935443E-01
   8.20000  1.0000000E-02  1.0000000E-02  2.5305362E-01
   8.30000  1.0000000E-02  1.0000000E-02  2.5976759E-01
   8.40000  1.0000000E-02  1.0000000E-02  2.5824058E-01
   8.50000  1.0000000E-02  1.0000000E-02  2.5749730E-01
   8.60000  1.0000000E-02  1.0000000E-02  2.5821202E-01
   8.70000  1.0000000E-02  1.0000000E-02  2.5722305E-01
   8.80000  1.0000000E-02  1.0000000E-02  2.5913546E-01
   8.90000  1.0000000E-02  1.0000000E-02  2.6398421E-01
   9.00000  1.0000000E-02  1.0000000E-02  2.6442717E-01
   9.10000  1.0000000E-02  1.0000000E-02  2.6192021E-01
   9.20000  1.0000000E-02  1.0000000E-02  2.6236359E-01
   9.30000  1.0000000E-02  1.0000000E-02  2.6326861E-01
   9.40000  1.0000000E-02  1.0000000E-02  2.6437730E-01
   9.50000  1.0000000E-02  1.0000000E-02  2.6815125E-01
   9.60000  1.0000000E-02  1.0000000E-02  2.6211651E-01
   9.70000  1.0000000E-02  1.0000000E-02  2.5918541E-01
   9.80000  1.0000000E-02  1.0000000E-02  2.5921202E-01
   9.90000  1.0000000E-02  1.0000000E-02  2.6206571E-01
  10.00000  1.0000000E-02  1.0000000E-02  2.6042332E-01
  10.10000  1.0000000E-02  1.0000000E-02  2.5507817E-01
  10.20000  1.0000000E-02  1.0000000E-02  2.5271300E-01
  10.30000  1.0000000E-02  1.0000000E-02  2.5202408E-01
  10.40000  1.0000000E-02  1.0000000E-02  2.5078271E-01
  10.50000  1.0000000E-02  1.0000000E-02  2.5226112E-01
  10.60000  1.0000000E-02  1.0000000E-02  2.4822256E-01
  10.70000  1.0000000E-02  1.0000000E-02  2.4579013E-01
  10.80000  1.0000000E-02  1.0000000E-02  2.4264177E-01
  10.90000  1.0000000E-02  1.0000000E-02  2.4222640E-01
  11.00000  1.0000000E-02  1.0000000E-02  2.4231860E-01
  11.10000  1.0000000E-02  1.0000000E-02  2.3864033E-01
  11.20000  1.0000000E-02  1.0000000E-02  2.3636250E-01
  11.30000  1.0000000E-02  1.0000000E-02  2.3385559E-01
  11.40000  1.0000000E-02  1.0000000E-02  2.3396706E-01
  11.50000  1.0000000E-02  1.0000000E-02  2.3268315E-01
  11.60000  1.0000000E-02  1.0000000E-02  2.2894629E-01
  11.70000  1.0000000E-02  1.0000000E-02  2.2723888E-01
  11.80000  1.0000000E-02  1.0000000E-02  2.2502068E-01
  11.90000  1.0000000E-02  1.0000000E-02  2.2527132E-01
  12.00000  1.0000000E-02  1.0000000E-02  2.2385569E-01
  12.10000  1.0000000E-02  1.0000000E-02  2.2072286E-01
  12.20000  1.0000000E-02  1.0000000E-02  2.1755566E-01
  12.30000  1.0000000E-02  1.0000000E-02  2.1586934E-01
  12.40000  1.0000000E-02  1.0000000E-02  2.1567004E-01
  12.50000  1.0000000E-02  1.0000000E-02  2.1541130E-01
  12.60000  1.0000000E-02  1.0000000E-02  2.1210331E-01
  12.70000  1.0000000E-02  1.0000000E-02  2.0860733E-01
  12.80000  1.0000000E-02  1.0000000E-02  2.0736161E-01
  12.90000  1.0000000E-02  1.0000000E-02  2.0613958E-01
  13.00000  1.0000000E-02  1.0000000E-02  2.0607177E-01
  13.10000  1.0000000E-02  1.0000000E-02  2.0452717E-01
  13.20000  1.0000000E-02  1.0000000E-02  2.0168107E-01
  13.30000  1.0000000E-02  1.0000000E-02  1.9905216E-01
  13.40000  1.0000000E-02  1.0000000E-02  1.9738678E-01
  13.50000  1.0000000E-02  1.0000000E-02  1.9782009E-01
  13.60000  1.0000000E-02  1.0000000E-02  1.9767828E-01
  13.70000  1.0000000E-02  1.0000000E-02  1.9431172E-01
  13.80000  1.0000000E-02  1.0000000E-02  1.9108193E-01
  13.90000  1.0000000E-02  1.0000000E-02  1.8987921E-01
  14.00000  1.0000000E-02  1.0000000E-02  1.8929300E-01
  14.10000  1.0000000E-02  1.0000000E-02  1.8930602E-01
  14.20000  1.0000000E-02  1.0000000E-02  1.8683280E-01
  14.30000  1.0000000E-02  1.0000000E-02  1.8410149E-01
  14.40000  1.0000000E-02  1.0000000E-02  1.8241247E-01
  14.50000  1.0000000E-02  1.0000000E-02  1.8088349E-01
  14.60000  1.0000000E-02  1.0000000E-02  1.8126636E-01
  14.70000  1.0000000E-02  1.0000000E-02  1.7963198E-01
  14.80000  1.0000000E-02  1.0000000E-02  1.7675202E-01
  14.90000  1.0000000E-02  1.0000000E-02  1.7490817E-01
  15.00000  1.0000000E-02  1.0000000E-02  1.7347106E-01
  15.10000  1.0000000E-02  1.0000000E-02  1.7313032E-01
  15.20000  1.0000000E-02  1.0000000E-02  1.7204247E-01
  15.30000  1.0000000E-02  1.0000000E-02  1.6877635E-01
  15.40000  1.0000000E-02  1.0000000E-02  1.6540016E-01
  15.50000  1.0000000E-02  1.0000000E-02  1.6382340E-01
  15.60000  1.0000000E-02  1.0000000E-02  1.6282339E-01
  15.70000  1.0000000E-02  1.0000000E-02  1.6238624E-01
  15.80000  1.0000000E-02  1.0000000E-02  1.6362038E-01
  15.90000  1.0000000E-02  1.0000000E-02  1.6047715E-01
  16.00000  1.0000000E-02  1.0000000E-02  1.5764351E-01
  16.10000  1.0000000E-02  1.0000000E-02  1.5555264E-01
  16.20000  1.0000000E-02  1.0000000E-02  1.5373787E-01
  16.30000  1.0000000E-02  1.0000000E-02  1.5371030E-01
  16.40000  1.0000000E-02  1.0000000E-02  1.5220081E-01
  16.50000  1.0000000E-02  1.0000000E-02  1.5187647E-01
  16.60000  1.0000000E-02  1.0000000E-02  1.5296646E-01
  16.70000  1.0000000E-02  1.0000000E-02  1.5025797E-01
  16.80000  1.0000000E-02  1.0000000E-02  1.4630627E-01
  16.90000  1.0000000E-02  1.0000000E-02  1.4291719E-01
  17.00000  1.0000000E-02  1.0000000E-02  1.4041245E-01
  17.10000  1.0000000E-02  1.0000000E-02  1.3913997E-01
  17.20000  1.0000000E-02  1.0000000E-02  1.3845380E-01
  17.30000  1.0000000E-02  1.0000000E-02  1.3515642E-01
  17.40000  1.0000000E-02  1.0000000E-02  1.3339310E-01
  17.50000  1.0000000E-02  1.0000000E-02  1.3330012E-01
  17.60000  1.0000000E-02  1.0000000E-02  1.3206367E-01
  17.70000  1.0000000E-02  1.0000000E-02  1.2803293E-01
  17.80000  1.0000000E-02  1.0000000E-02  1.2427085E-01
  17.90000  1.0000000E-02  1.0000000E-02  1.2205538E-01
  18.00000  1.0000000E-02  1.0000000E-02  1.2039184E-01
  18.10000  1.0000000E-02  1.0000000E-02  1.2014756E-01
  18.20000  1.0000000E-02  1.0000000E-02  1.1770835E-01
  18.30000  1.0000000E-02  1.0000000E-02  1.1482545E-01
  18.40000  1.0000000E-02  1.0000000E-02  1.1161813E-01
  18.50000  1.0000000E-02  1.0000000E-02  1.0941094E-01
  18.60000  1.0000000E-02  1.0000000E-02  1.0863728E-01
  18.70000  1.0000000E-02  1.0000000E-02  1.0781790E-01
  18.80000  1.0000000E-02  1.0000000E-02  1.0449665E-01
  18.90000  1.0000000E-02  1.0000000E-02  1.0273907E-01
  19.00000  1.0000000E-02  1.0000000E-02  1.0006839E-01
  19.10000  1.0000000E-02  1.0000000E-02  9.8228580E-02
  19.20000  1.0000000E-02  1.0000000E-02  9.7679776E-02
  19.30000  1.0000000E-02  1.0000000E-02  9.6959873E-02
  19.40000  1.0000000E-02  1.0000000E-02  9.4572001E-02
  19.50000  1.0000000E-02  1.0000000E-02  9.1927385E-02
  19.60000  1.0000000E-02  1.0000000E-02  8.9818315E-02
  19.70000  1.0000000E-02  1.0000000E-02  8.8905121E-02
  19.80000  1.0000000E-02  1.0000000E-02  8.8727809E-02
  19.90000  1.0000000E-02  1.0000000E-02  8.7836494E-02
  20.00000  1.0000000E-02  1.0000000E-02  8.4949345E-02
  20.10000  1.0000000E-02  1.0000000E-02  8.2752199E-02
  20.20000  1.0000000E-02  1.0000000E-02  8.1318712E-02
  20.30000  1.0000000E-02  1.0000000E-02  8.0930349E-02
  20.40000  1.0000000E-02  1.0000000E-02  8.0680411E-02
  20.50000  1.0000000E-02  1.0000000E-02  7.8072711E-02
  20.60000  1.0000000E-02  1.0000000E-02  7.5665814E-02
  20.70000  1.0000000E-02  1.0000000E-02  7.4025353E-02
  20.80000  1.0000000E-02  1.0000000E-02  7.3232000E-02
  20.90000  1.0000000E-02  1.0000000E-02  7.2973763E-02
  21.00000  1.0000000E-02  1.0000000E-02  7.1309285E-02
  21.10000  1.0000000E-02  1.0000000E-02  6.8968487E-02
  21.20000  1.0000000E-02  1.0000000E-02  6.7186551E-02
  21.30000  1.0000000E-02  1.0000000E-02  6.6273038E-02
  21.40000  1.0000000E-02  1.0000000E-02  6.5946053E-02
  21.50000  1.0000000E-02  1.0000000E-02  6.4966327E-02
  21.60000  1.0000000E-02  1.0000000E-02  6.2602947E-02
  21.70000  1.0000000E-02  1.0000000E-02  6.0978996E-02
  21.80000  1.0000000E-02  1.0000000E-02  6.0031165E-02
  21.90000  1.0000000E-02  1.0000000E-02  5.9708963E-02
  22.00000  1.0000000E-02  1.0000000E-02  5.9439691E-02
  22.10000  1.0000000E-02  1.0000000E-02  5.7266865E-02
  22.20000  1.0000000E-02  1.0000000E-02  5.5707080E-02
  22.30000  1.0000000E-02  1.0000000E-02  5.4547989E-02
  22.40000  1.0000000E-02  1.0000000E-02  5.3852689E-02
  22.50000  1.0000000E-02  1.0000000E-02  5.3506920E-02
  22.60000  1.0000000E-02  1.0000000E-02  5.3054820E-02
  22.70000  1.0000000E-02  1.0000000E-02  5.1427283E-02
  22.80000  1.0000000E-02  1.0000000E-02  4.9976335E-02
  22.90000  1.0000000E-02  1.0000000E-02  4.8828551E-02
  23.00000  1.0000000E-02  1.0000000E-02  4.8229345E-02
  23.10000  1.0000000E-02  1.0000000E-02  4.8196000E-02
  23.20000  1.0000000E-02  1.0000000E-02  4.6939648E-02
  23.30000  1.0000000E-02  1.0000000E-02  4.5335413E-02
  23.40000  1.0000000E-02  1.0000000E-02  4.4283945E-02
  23.50000  1.0000000E-02  1.0000000E-02  4.3772588E-02
  23.60000  1.0000000E-02  1.0000000E-02  4.3786337E-02
  23.70000  1.0000000E-02  1.0000000E-02  4.3067257E-02
  23.80000  1.0000000E-02  1.0000000E-02  4.1663406E-02
  23.90000  1.0000000E-02  1.0000000E-02  4.0722634E-02
  24.00000  1.0000000E-02  1.0000000E-02  4.0267446E-02
  24.10000  1.0000000E-02  1.0000000E-02  3.9834780E-02
  24.20000  1.0000000E-02  1.0000000E-02  3.9588659E-02
  24.30000  1.0000000E-02  1.0000000E-02  3.8480458E-02
  24.40000  1.0000000E-02  1.0000000E-02  3.7404339E-02
  24.50000  1.0000000E-02  1.0000000E-02  3.6576290E-02
  24.60000  1.0000000E-02  1.0000000E-02  3.5977155E-02
  24.70000  1.0000000E-02  1.0000000E-02  3.5708979E-02
  24.80000  1.0000000E-02  1.0000000E-02  3.4965329E-02
  24.90000  1.0000000E-02  1.0000000E-02  3.3793427E-02
  25.00000  1.0000000E-02  1.0000000E-02  3.2806644E-02
  25.10000  1.0000000E-02  1.0000000E-02  3.2233667E-02
  25.20000  1.0000000E-02  1.0000000E-02  3.2006182E-02
  25.30000  1.0000000E-02  1.0000000E-02  3.1729830E-02
  25.40000  1.0000000E-02  1.0000000E-02  3.0441811E-02
  25.50000  1.0000000E-02  1.0000000E-02  2.9560924E-02
  25.60000  1.0000000E-02  1.0000000E-02  2.9030617E-02
  25.70000  1.0000000E-02  1.0000000E-02  2.8939561E-02
  25.80000  1.0000000E-02  1.0000000E-02  2.8882003E-02
  25.90000  1.0000000E-02  1.0000000E-02  2.7716700E-02
  26.00000  1.0000000E-02  1.0000000E-02  2.6966586E-02
  26.10000  1.0000000E-02  1.0000000E-02  2.6644768E-02
  26.20000  1.0000000E-02  1.0000000E-02  2.6526372E-02
  26.30000  1.0000000E-02  1.0000000E-02  2.6215569E-02
  26.40000  1.0000000E-02  1.0000000E-02  2.6030745E-02
  26.50000  1.0000000E-02  1.0000000E-02  2.5465352E-02
  26.60000  1.0000000E-02  1.0000000E-02  2.4693171E-02
  26.70000  1.0000000E-02  1.0000000E-02  2.4135079E-02
  26.80000  1.0000000E-02  1.0000000E-02  2.3909402E-02
  26.90000  1.0000000E-02  1.0000000E-02  2.4066502E-02
  27.00000  1.0000000E-02  1.0000000E-02  2.3558884E-02
  27.10000  1.0000000E-02  1.0000000E-02  2.2899783E-02
  27.20000  1.0000000E-02  1.0000000E-02  2.2485526E-02
  27.30000  1.0000000E-02  1.0000000E-02  2.2318952E-02
  27.40000  1.0000000E-02  1.0000000E-02  2.2398603E-02
  27.50000  1.0000000E-02  1.0000000E-02  2.1869497E-02
  27.60000  1.0000000E-02  1.0000000E-02  2.1307075E-02
  27.70000  1.0000000E-02  1.0000000E-02  2.0792327E-02
  27.80000  1.0000000E-02  1.0000000E-02  2.0435509E-02
  27.90000  1.0000000E-02  1.0000000E-02  2.0219106E-02
  28.00000  1.0000000E-02  1.0000000E-02  2.0090598E-02
  28.10000  1.0000000E-02  1.0000000E-02  1.9374210E-02
  28.20000  1.0000000E-02  1.0000000E-02  1.8622001E-02
  28.30000  1.0000000E-02  1.0000000E-02  1.8086348E-02
  28.40000  1.0000000E-02  1.0000000E-02  1.8381213E-02
  28.50000  1.0000000E-02  1.0000000E-02  1.7978609E-02
  28.60000  1.0000000E-02  1.0000000E-02  1.7269642E-02
  28.70000  1.0000000E-02  1.0000000E-02  1.6538256E-02
  28.80000  1.0000000E-02  1.0000000E-02  1.6952774E-02
  28.90000  1.0000000E-02  1.0000000E-02  1.6840579E-02
  29.00000  1.0000000E-02  1.0000000E-02  1.6661523E-02
  29.10000  1.0000000E-02  1.0000000E-02  1.5987065E-02
  29.20000  1.0000000E-02  1.0000000E-02  1.5996232E-02
  29.30000  1.0000000E-02  1.0000000E-02  1.5779340E-02
  29.40000  1.0000000E-02  1.0000000E-02  1.5618955E-02
  29.50000  1.0000000E-02  1.0000000E-02  1.5651190E-02
  29.60000  1.0000000E-02  1.0000000E-02  1.5116564E-02
  29.70000  1.0000000E-02  1.0000000E-02  1.4652177E-02
  29.80000  1.0000000E-02  1.0000000E-02  1.4278843E-02
  29.90000  1.0000000E-02  1.0000000E-02  1.4054625E-02
  30.00000  1.0000000E-02  1.0000000E-02  1.3977457E-02
  30.10000  1.0000000E-02  1.0000000E-02  1.4030996E-02
  30.20000  1.0000000E-02  1.0000000E-02  1.3398658E-02
  30.30000  1.0000000E-02  1.0000000E-02  1.2867080E-02
  30.40000  1.0000000E-02  1.0000000E-02  1.2434368E-02
  30.50000  1.0000000E-02  1.0000000E-02  1.1280660E-02
  30.60000  1.0000000E-02  1.0000000E-02  1.0942562E-02
  30.70000  1.0000000E-02  1.0000000E-02  1.1442798E-02
  30.80000  1.0000000E-02  1.0000000E-02  1.0955633E-02
  30.90000  1.0000000E-02  1.0000000E-02  1.1221227E-02
  31.00000  1.0000000E-02  1.0000000E-02  1.1425305E-02
  31.10000  1.0000000E-02  1.0000000E-02  1.1374496E-02
  31.20000  1.0000000E-02  1.0000000E-02  1.0961856E-02
  31.30000  1.0000000E-02  1.0000000E-02  1.0662891E-02
  31.40000  1.0000000E-02  1.0000000E-02  1.0036879E-02
  31.50000  1.0000000E-02  9.6107344E-03  9.6107344E-03
  31.60000  1.0000000E-02  9.3686954E-03  9.3686954E-03
  31.70000  1.0000000E-02  8.7989827E-03  8.7989827E-03
  31.80000  1.0000000E-02  9.1906538E-03  9.1906538E-03
  31.90000  1.0000000E-02  8.9177158E-03  8.9177158E-03
  32.00000  1.0000000E-02  8.4551161E-03  8.4551161E-03
  32.10000  8.1184800E-03  8.1184800E-03  8.1184800E-03
  32.20554  8.1184800E-03  7.9427147E-03  7.9427147E-03
  32.30296  8.1184800E-03  7.9228303E-03  7.9228303E-03
  32.40038  8.1184800E-03  7.7401313E-03  7.7401313E-03
  32.50592  8.1184800E-03  7.4064755E-03  7.4064755E-03
  32.60335  8.1184800E-03  7.2249159E-03  7.2249159E-03
  32.70077  8.1184800E-03  7.1638317E-03  7.1638317E-03
  32.80631  8.1184800E-03  7.1807608E-03  7.1807608E-03
  32.90373  8.1184800E-03  7.0865413E-03  7.0865413E-03
  33.00115  8.1184800E-03  6.8954799E-03  6.8954799E-03
  33.10669  6.6581432E-03  6.6581432E-03  6.6581432E-03
  33.20656  6.6581432E-03  6.4711379E-03  6.4711379E-03
  33.30644  6.6581432E-03  6.1878457E-03  6.1878457E-03
  33.40631  6.6581432E-03  6.0645703E-03  6.0645703E-03
  33.50618  6.6581432E-03  6.1096050E-03  6.1096050E-03
  33.60605  6.6581432E-03  6.2207663E-03  6.2207663E-03
  33.70592  6.6581432E-03  6.2632547E-03  6.2632547E-03
  33.80580  6.6581432E-03  5.9697249E-03  5.9697249E-03
  33.90567  6.6581432E-03  5.9123315E-03  5.9123315E-03
  34.00554  6.6581432E-03  5.9717437E-03  5.9717437E-03
  34.10541  6.6581432E-03  6.0337052E-03  6.0337052E-03
  34.20529  6.6581432E-03  6.2996100E-03  6.2996100E-03
  34.30516  6.6581432E-03  6.4393499E-03  6.4393499E-03
  34.40503  6.6581432E-03  6.3823748E-03  6.3823748E-03
  34.50490  6.6581432E-03  6.2086486E-03  6.2086486E-03
  34.60477  6.6581432E-03  6.1173998E-03  6.1173998E-03
  34.70465  6.6581432E-03  6.0449302E-03  6.0449302E-03
  34.80452  6.6581432E-03  6.6409139E-03  6.6409139E-03
  34.90439  6.6581432E-03  6.3013180E-03  6.3013180E-03
  35.00426  6.6581432E-03  7.3249335E-03  7.3249335E-03
  35.10413  6.6581432E-03  7.3611023E-03  7.3611023E-03
  35.20401  6.6581432E-03  7.4811799E-03  7.4811799E-03
  35.30388  6.6581432E-03  7.3637645E-03  7.3637645E-03
  35.40375  6.6581432E-03  7.1001149E-03  7.1001149E-03
  35.50362  6.6581432E-03  6.8592855E-03  6.8592855E-03
  35.60350  6.6581432E-03  6.6603323E-03  6.6603323E-03
  35.70337  6.6581432E-03  6.6274840E-03  6.6274840E-03
  35.80324  6.6581432E-03  6.9621966E-03  6.9621966E-03
  35.90311  8.3537369E-03  8.3537369E-03  8.3537369E-03
  36.00336  8.3537369E-03  9.2293767E-03  9.2293767E-03
  36.10360  8.3537369E-03  9.0850409E-03  9.0850409E-03
  36.20385  8.3537369E-03  9.2212889E-03  9.2212889E-03
  36.30409  8.3537369E-03  9.1754709E-03  9.1754709E-03
  36.40434  8.3537369E-03  8.6358772E-03  8.6358772E-03
  36.50458  8.3537369E-03  8.2961769E-03  8.2961769E-03
  36.60483  8.3537369E-03  9.1865383E-03  9.1865383E-03
  36.70507  8.3537369E-03  9.2224161E-03  9.2224161E-03
  36.80532  8.3537369E-03  8.9016497E-03  8.9016497E-03
  36.90556  8.3537369E-03  9.2019009E-03  9.2019009E-03
  37.00580  8.3537369E-03  8.5973165E-03  8.5973165E-03
  37.10605  8.3537369E-03  8.5842617E-03  8.5842617E-03
  37.20629  8.3537369E-03  8.4701106E-03  8.4701106E-03
  37.30654  8.3537369E-03  8.4173297E-03  8.4173297E-03
  37.40678  8.3537369E-03  8.6288177E-03  8.6288177E-03
  37.50703  8.3537369E-03  8.3071317E-03  8.3071317E-03
  37.60727  8.3537369E-03  7.8115272E-03  7.8115272E-03
  37.70752  8.3537369E-03  7.9461908E-03  7.9461908E-03
  37.80776  8.3537369E-03  8.5944496E-03  8.5944496E-03
  37.90801  8.3537369E-03  9.1104080E-03  9.1104080E-03
  38.00825  8.3537369E-03  9.5901642E-03  9.5901642E-03
  38.10014  8.3537369E-03  9.7050585E-03  9.7050585E-03
  38.20039  8.3537369E-03  9.4612416E-03  9.4612416E-03
  38.30063  8.3537369E-03  9.5033914E-03  9.5033914E-03
  38.40088  8.3537369E-03  9.4892204E-03  9.4892204E-03
  38.50112  8.3537369E-03  9.3769385E-03  9.3769385E-03
  38.60137  8.3537369E-03  9.5447859E-03  9.5447859E-03
  38.70161  8.3537369E-03  9.9564978E-03  9.9564978E-03
  38.80186  8.3537369E-03  9.9686510E-03  9.9686510E-03
  38.90210  8.3537369E-03  1.0000000E-02  1.0502166E-02
  39.00235  8.3537369E-03  1.0000000E-02  1.0832136E-02
  39.10259  8.3537369E-03  1.0000000E-02  1.0933732E-02
  39.20284  8.3537369E-03  1.0000000E-02  1.0675837E-02
  39.30308  8.3537369E-03  1.0000000E-02  1.0287223E-02
  39.40333  8.3537369E-03  1.0000000E-02  1.0481141E-02
  39.50357  8.3537369E-03  1.0000000E-02  1.0728486E-02
  39.60382  8.3537369E-03  1.0000000E-02  1.0622885E-02
  39.70406  8.3537369E-03  1.0000000E-02  1.0591778E-02
  39.80431  8.3537369E-03  1.0000000E-02  1.0440608E-02
  39.90455  8.3537369E-03  1.0000000E-02  1.0278568E-02
  40.00480  8.3537369E-03  1.0000000E-02  1.0407514E-02
  40.10504  8.3537369E-03  1.0000000E-02  1.0334434E-02
  40.20529  8.3537369E-03  1.0000000E-02  1.0653711E-02
  40.30553  8.3537369E-03  1.0000000E-02  1.0593110E-02
  40.40578  8.3537369E-03  1.0000000E-02  1.0960195E-02
  40.50602  8.3537369E-03  1.0000000E-02  1.1194605E-02
  40.60627  8.3537369E-03  1.0000000E-02  1.1347162E-02
  40.70651  8.3537369E-03  1.0000000E-02  1.1378354E-02
  40.80676  8.3537369E-03  1.0000000E-02  1.1357186E-02
  40.90700  8.3537369E-03  1.0000000E-02  1.1667476E-02
  41.00724  8.3537369E-03  1.0000000E-02  1.1512002E-02
  41.10749  8.3537369E-03  1.0000000E-02  1.1143135E-02
  41.20773  8.3537369E-03  1.0000000E-02  1.1171105E-02
  41.30798  8.3537369E-03  1.0000000E-02  1.1350692E-02
  41.40822  8.3537369E-03  1.0000000E-02  1.1456710E-02
  41.50012  8.3537369E-03  1.0000000E-02  1.1487445E-02
  41.60036  8.3537369E-03  1.0000000E-02  1.1147169E-02
  41.70061  8.3537369E-03  1.0000000E-02  1.1602558E-02
  41.80085  8.3537369E-03  1.0000000E-02  1.1139599E-02
  41.90109  8.3537369E-03  1.0000000E-02  1.1466190E-02
  42.00134  8.3537369E-03  1.0000000E-02  1.2235670E-02
  42.10158  8.3537369E-03  1.0000000E-02  1.2055553E-02
  42.20183  8.3537369E-03  1.0000000E-02  1.1518293E-02
  42.30207  8.3537369E-03  1.0000000E-02  1.1322086E-02
  42.40232  8.3537369E-03  1.0000000E-02  1.1462192E-02
  42.50256  8.3537369E-03  1.0000000E-02  1.1666035E-02
  42.60281  8.3537369E-03  1.0000000E-02  1.1940980E-02
  42.70305  8.3537369E-03  1.0000000E-02  1.1976770E-02
  42.80330  8.3537369E-03  1.0000000E-02  1.1414296E-02
  42.90354  8.3537369E-03  1.0000000E-02  1.1281368E-02
  43.00379  8.3537369E-03  1.0000000E-02  1.0643983E-02
  43.10403  8.3537369E-03  9.6437560E-03  9.6437560E-03
  43.20428  8.3537369E-03  9.1887139E-03  9.1887139E-03
  43.30452  8.3537369E-03  9.6264531E-03  9.6264531E-03
  43.40477  8.3537369E-03  9.8049373E-03  9.8049373E-03
  43.50501  8.3537369E-03  1.0000000E-02  1.0338407E-02
  43.60526  8.3537369E-03  1.0000000E-02  1.1069410E-02
  43.70550  8.3537369E-03  1.0000000E-02  1.1984339E-02
  43.80575  8.3537369E-03  1.0000000E-02  1.2118170E-02
  43.90599  8.3537369E-03  1.0000000E-02  1.2261988E-02
  44.00624  8.3537369E-03  1.0000000E-02  1.2322010E-02
  44.10648  8.3537369E-03  1.0000000E-02  1.2060101E-02
  44.20673  8.3537369E-03  1.0000000E-02  1.1239124E-02
  44.30697  8.3537369E-03  1.0000000E-02  1.0505485E-02
  44.40722  8.3537369E-03  1.0000000E-02  1.0080329E-02
  44.50746  8.3537369E-03  9.6817418E-03  9.6817418E-03
  44.60771  8.3537369E-03  9.5363647E-03  9.5363647E-03
  44.70795  8.3537369E-03  9.5886999E-03  9.5886999E-03
  44.80820  8.3537369E-03  9.7559227E-03  9.7559227E-03
  44.90009  8.3537369E-03  1.0000000E-02  1.0303460E-02
  45.00033  8.3537369E-03  1.0000000E-02  1.0026286E-02
  45.10058  8.3537369E-03  1.0000000E-02  1.0472364E-02
  45.20082  8.3537369E-03  1.0000000E-02  1.1153697E-02
  45.30107  8.3537369E-03  1.0000000E-02  1.1241383E-02
  45.40131  8.3537369E-03  1.0000000E-02  1.1292185E-02
  45.50156  8.3537369E-03  1.0000000E-02  1.1231352E-02
  45.60180  8.3537369E-03  1.0000000E-02  1.2065239E-02
  45.70205  8.3537369E-03  1.0000000E-02  1.2032407E-02
  45.80229  8.3537369E-03  1.0000000E-02  1.2784842E-02
  45.90253  8.3537369E-03  1.0000000E-02  1.2723065E-02
  46.00278  8.3537369E-03  1.0000000E-02  1.3284343E-02
  46.10302  8.3537369E-03  1.0000000E-02  1.3123442E-02
  46.20327  8.3537369E-03  1.0000000E-02  1.3020354E-02
  46.30351  8.3537369E-03  1.0000000E-02  1.3074608E-02
  46.40376  8.3537369E-03  1.0000000E-02  1.2875899E-02
  46.50400  8.3537369E-03  1.0000000E-02  1.2123645E-02
  46.60425  8.3537369E-03  1.0000000E-02  1.2024029E-02
  46.70449  8.3537369E-03  1.0000000E-02  1.2099126E-02
  46.80474  8.3537369E-03  1.0000000E-02  1.2026058E-02
  46.90498  8.3537369E-03  1.0000000E-02  1.2273994E-02
  47.00523  8.3537369E-03  1.0000000E-02  1.2150458E-02
  47.10547  8.3537369E-03  1.0000000E-02  1.2478771E-02
  47.20572  8.3537369E-03  1.0000000E-02  1.3263035E-02
  47.30596  8.3537369E-03  1.0000000E-02  1.4082792E-02
  47.40621  8.3537369E-03  1.0000000E-02  1.4029140E-02
  47.50645  8.3537369E-03  1.0000000E-02  1.3860444E-02
  47.60670  8.3537369E-03  1.0000000E-02  1.3747756E-02
  47.70694  8.3537369E-03  1.0000000E-02  1.3516776E-02
  47.80719  8.3537369E-03  1.0000000E-02  1.3233379E-02
  47.90743  8.3537369E-03  1.0000000E-02  1.3336120E-02
  48.00768  8.3537369E-03  1.0000000E-02  1.3663462E-02
  48.10792  8.3537369E-03  1.0000000E-02  1.3990300E-02
  48.20817  8.3537369E-03  1.0000000E-02  1.4248351E-02
  48.30006  8.3537369E-03  1.0000000E-02  1.3982055E-02
  48.40030  8.3537369E-03  1.0000000E-02  1.3383322E-02
  48.50055  8.3537369E-03  1.0000000E-02  1.3063924E-02
  48.60079  8.3537369E-03  1.0000000E-02  1.2629268E-02
  48.70104  8.3537369E-03  1.0000000E-02  1.2570396E-02
  48.80128  8.3537369E-03  1.0000000E-02  1.3259698E-02
  48.90153  8.3537369E-03  1.0000000E-02  1.3863173E-02
  49.00177  8.3537369E-03  1.0000000E-02  1.3506099E-02
  49.10202  8.3537369E-03  1.0000000E-02  1.3664415E-02
  49.20226  8.3537369E-03  1.0000000E-02  1.4327047E-02
  49.30251  8.3537369E-03  1.0000000E-02  1.4383128E-02
  49.40275  8.3537369E-03  1.0000000E-02  1.4920272E-02
  49.50300  8.3537369E-03  1.0000000E-02  1.4317143E-02
  49.60324  8.3537369E-03  1.0000000E-02  1.4631989E-02
  49.70349  8.3537369E-03  1.0000000E-02  1.3944818E-02
  49.80373  8.3537369E-03  1.0000000E-02  1.3603924E-02
  49.90397  8.3537369E-03  1.0000000E-02  1.3482157E-02
  50.00422  8.3537369E-03  1.0000000E-02  1.2691501E-02
  50.10446  8.3537369E-03  1.0000000E-02  1.2380093E-02
  50.20471  8.3537369E-03  1.0000000E-02  1.2906880E-02
  50.30495  8.3537369E-03  1.0000000E-02  1.3155932E-02
  50.40520  8.3537369E-03  1.0000000E-02  1.3866999E-02
  50.50544  8.3537369E-03  1.0000000E-02  1.4056139E-02
  50.60569  8.3537369E-03  1.0000000E-02  1.3593693E-02
  50.70593  8.3537369E-03  1.0000000E-02  1.3376126E-02
  50.80618  8.3537369E-03  1.0000000E-02  1.4073378E-02
  50.90642  8.3537369E-03  1.0000000E-02  1.4083063E-02
  51.00667  8.3537369E-03  1.0000000E-02  1.4248488E-02
  51.10691  8.3537369E-03  1.0000000E-02  1.4490050E-02
  51.20716  8.3537369E-03  1.0000000E-02  1.4713769E-02
  51.30740  8.3537369E-03  1.0000000E-02  1.4974331E-02
  51.40765  8.3537369E-03  1.0000000E-02  1.5344221E-02
  51.50789  8.3537369E-03  1.0000000E-02  1.5444265E-02
  51.60814  8.3537369E-03  1.0000000E-02  1.5232488E-02
  51.70003  8.3537369E-03  1.0000000E-02  1.5144712E-02
  51.80027  8.3537369E-03  1.0000000E-02  1.5334161E-02
  51.90052  8.3537369E-03  1.0000000E-02  1.5396163E-02
  52.00076  8.3537369E-03  1.0000000E-02  1.5357399E-02
  52.10101  8.3537369E-03  1.0000000E-02  1.4742200E-02
  52.20125  8.3537369E-03  1.0000000E-02  1.3868111E-02
  52.30150  8.3537369E-03  1.0000000E-02  1.3599623E-02
  52.40174  8.3537369E-03  1.0000000E-02  1.4012448E-02
  52.50199  8.3537369E-03  1.0000000E-02  1.3975913E-02
  52.60223  8.3537369E-03  1.0000000E-02  1.4529825E-02
  52.70248  8.3537369E-03  1.0000000E-02  1.4047120E-02
  52.80272  8.3537369E-03  1.0000000E-02  1.3954331E-02
  52.90297  8.3537369E-03  1.0000000E-02  1.3593757E-02
  53.00321  8.3537369E-03  1.0000000E-02  1.3503529E-02
  53.10346  8.3537369E-03  1.0000000E-02  1.3542782E-02
  53.20370  8.3537369E-03  1.0000000E-02  1.3699723E-02
  53.30395  8.3537369E-03  1.0000000E-02  1.3680143E-02
  53.40419  8.3537369E-03  1.0000000E-02  1.3735460E-02
  53.50444  8.3537369E-03  1.0000000E-02  1.3599530E-02
  53.60468  8.3537369E-03  1.0000000E-02  1.3782000E-02
  53.70493  8.3537369E-03  1.0000000E-02  1.3450743E-02
  53.80517  8.3537369E-03  1.0000000E-02  1.2997470E-02
  53.90541  8.3537369E-03  1.0000000E-02  1.2651043E-02
  54.00566  8.3537369E-03  1.0000000E-02  1.1699488E-02
  54.10590  8.3537369E-03  1.0000000E-02  1.1157427E-02
  54.20615  8.3537369E-03  1.0000000E-02  1.1822772E-02
  54.30639  8.3537369E-03  1.0000000E-02  1.1210574E-02
  54.40664  8.3537369E-03  1.0000000E-02  1.1202173E-02
  54.50688  8.3537369E-03  1.0000000E-02  1.2406098E-02
  54.60713  8.3537369E-03  1.0000000E-02  1.2509680E-02
  54.70737  8.3537369E-03  1.0000000E-02  1.2287376E-02
  54.80762  8.3537369E-03  1.0000000E-02  1.2878735E-02
  54.90786  8.3537369E-03  1.0000000E-02  1.2499184E-02
  55.00811  8.3537369E-03  1.0000000E-02  1.2022257E-02
  55.10835  8.3537369E-03  1.0000000E-02  1.2048273E-02
  55.20024  8.3537369E-03  1.0000000E-02  1.2604423E-02
  55.30049  8.3537369E-03  1.0000000E-02  1.3360745E-02
  55.40073  8.3537369E-03  1.0000000E-02  1.3647283E-02
  55.50098  8.3537369E-03  1.0000000E-02  1.3416419E-02
  55.60122  8.3537369E-03  1.0000000E-02  1.3051382E-02
  55.70147  8.3537369E-03  1.0000000E-02  1.2315707E-02
  55.80171  8.3537369E-03  1.0000000E-02  1.2255046E-02
  55.90196  8.3537369E-03  1.0000000E-02  1.2488019E-02
  56.00220  8.3537369E-03  1.0000000E-02  1.2684743E-02
  56.10245  8.3537369E-03  1.0000000E-02  1.2938956E-02
  56.20269  8.3537369E-03  1.0000000E-02  1.3119071E-02
  56.30294  8.3537369E-03  1.0000000E-02  1.3256324E-02
  56.40318  8.3537369E-03  1.0000000E-02  1.3523054E-02
  56.50343  8.3537369E-03  1.0000000E-02  1.3148164E-02
  56.60367  8.3537369E-03  1.0000000E-02  1.3574903E-02
  56.70392  8.3537369E-03  1.0000000E-02  1.3301601E-02
  56.80416  8.3537369E-03  1.0000000E-02  1.3410611E-02
  56.90441  8.3537369E-03  1.0000000E-02  1.3445432E-02
  57.00465  8.3537369E-03  1.0000000E-02  1.3585894E-02
  57.10490  8.3537369E-03  1.0000000E-02  1.3333457E-02
  57.20514  8.3537369E-03  1.0000000E-02  1.3164596E-02
  57.30539  8.3537369E-03  1.0000000E-02  1.3216646E-02
  57.40563  8.3537369E-03  1.0000000E-02  1.3271782E-02
  57.50588  8.3537369E-03  1.0000000E-02  1.3237329E-02
  57.60612  8.3537369E-03  1.0000000E-02  1.3115066E-02
  57.70637  8.3537369E-03  1.0000000E-02  1.2758810E-02
  57.80661  8.3537369E-03  1.0000000E-02  1.2579202E-02
  57.90685  8.3537369E-03  1.0000000E-02  1.2363035E-02
  58.00710  8.3537369E-03  1.0000000E-02  1.2362664E-02
  58.10734  8.3537369E-03  1.0000000E-02  1.2294585E-02
  58.20759  8.3537369E-03  1.0000000E-02  1.2137519E-02
  58.30783  8.3537369E-03  1.0000000E-02  1.1913347E-02
  58.40808  8.3537369E-03  1.0000000E-02  1.1715642E-02
  58.50832  8.3537369E-03  1.0000000E-02  1.1675568E-02
  58.60021  8.3537369E-03  1.0000000E-02  1.1546798E-02
  58.70046  8.3537369E-03  1.0000000E-02  1.1480249E-02
  58.80070  8.3537369E-03  1.0000000E-02  1.1333414E-02
  58.90095  8.3537369E-03  1.0000000E-02  1.1495438E-02
  59.00119  8.3537369E-03  1.0000000E-02  1.1692861E-02
  59.10144  8.3537369E-03  1.0000000E-02  1.1765179E-02
  59.20168  8.3537369E-03  1.0000000E-02  1.2109156E-02
  59.30193  8.3537369E-03  1.0000000E-02  1.1775450E-02
  59.40217  8.3537369E-03  1.0000000E-02  1.1497599E-02
  59.50242  8.3537369E-03  1.0000000E-02  1.1381190E-02
  59.60266  8.3537369E-03  1.0000000E-02  1.0985564E-02
  59.70291  8.3537369E-03  1.0000000E-02  1.0783380E-02
  59.80315  8.3537369E-03  1.0000000E-02  1.1066929E-02
  59.90340  8.3537369E-03  1.0000000E-02  1.1341317E-02
  60.00364  8.3537369E-03  1.0000000E-02  1.1771701E-02
  60.10389  8.3537369E-03  1.0000000E-02  1.1914243E-02
  60.20413  8.3537369E-03  1.0000000E-02  1.2434009E-02
  60.30438  8.3537369E-03  1.0000000E-02  1.2497796E-02
  60.40462  8.3537369E-03  1.0000000E-02  1.2328670E-02
  60.50487  8.3537369E-03  1.0000000E-02  1.2320954E-02
  60.60511  8.3537369E-03  1.0000000E-02  1.2593254E-02
  60.70536  8.3537369E-03  1.0000000E-02  1.2766614E-02
  60.80560  8.3537369E-03  1.0000000E-02  1.2736741E-02
  60.90585  8.3537369E-03  1.0000000E-02  1.3476138E-02
  61.00609  8.3537369E-03  1.0000000E-02  1.3718169E-02
  61.10634  8.3537369E-03  1.0000000E-02  1.3878905E-02
  61.20658  8.3537369E-03  1.0000000E-02  1.3264490E-02
  61.30683  8.3537369E-03  1.0000000E-02  1.3027870E-02
  61.40707  8.3537369E-03  1.0000000E-02  1.3464522E-02
  61.50732  8.3537369E-03  1.0000000E-02  1.2629553E-02
  61.60756  8.3537369E-03  1.0000000E-02  1.2317121E-02
  61.70781  8.3537369E-03  1.0000000E-02  1.2887560E-02
  61.80805  8.3537369E-03  1.0000000E-02  1.3155180E-02
  61.90829  8.3537369E-03  1.0000000E-02  1.3530556E-02
  62.00019  8.3537369E-03  1.0000000E-02  1.3561389E-02
  62.10043  8.3537369E-03  1.0000000E-02  1.3759178E-02
  62.20068  8.3537369E-03  1.0000000E-02  1.3299718E-02
  62.30092  8.3537369E-03  1.0000000E-02  1.2556197E-02
  62.40117  8.3537369E-03  1.0000000E-02  1.2015768E-02
  62.50141  8.3537369E-03  1.0000000E-02  1.1721323E-02
  62.60165  8.3537369E-03  1.0000000E-02  1.1859966E-02
  62.70190  8.3537369E-03  1.0000000E-02  1.1910733E-02
  62.80214  8.3537369E-03  1.0000000E-02  1.2156264E-02
  62.90239  8.3537369E-03  1.0000000E-02  1.2055256E-02
  63.00263  8.3537369E-03  1.0000000E-02  1.1688849E-02
  63.10288  8.3537369E-03  1.0000000E-02  1.2264221E-02
  63.20312  8.3537369E-03  1.0000000E-02  1.2517736E-02
  63.30337  8.3537369E-03  1.0000000E-02  1.2921358E-02
  63.40361  8.3537369E-03  1.0000000E-02  1.2716037E-02
  63.50386  8.3537369E-03  1.0000000E-02  1.2854048E-02
  63.60410  8.3537369E-03  1.0000000E-02  1.2551798E-02
  63.70435  8.3537369E-03  1.0000000E-02  1.2142894E-02
  63.80459  8.3537369E-03  1.0000000E-02  1.1755890E-02
  63.90484  8.3537369E-03  1.0000000E-02  1.1114035E-02
  64.00508  8.3537369E-03  1.0000000E-02  1.1246966E-02
  64.10533  8.3537369E-03  1.0000000E-02  1.2306564E-02
  64.20557  8.3537369E-03  1.0000000E-02  1.2983239E-02
  64.30582  8.3537369E-03  1.0000000E-02  1.1409038E-02
  64.40606  8.3537369E-03  1.0000000E-02  1.0886954E-02
  64.50631  8.3537369E-03  1.0000000E-02  1.1588960E-02
  64.60655  8.3537369E-03  1.0000000E-02  1.2584894E-02
  64.70680  8.3537369E-03  1.0000000E-02  1.2867607E-02
  64.80704  8.3537369E-03  1.0000000E-02  1.3176192E-02
  64.90729  8.3537369E-03  1.0000000E-02  1.2968667E-02
  65.00753  8.3537369E-03  1.0000000E-02  1.3314428E-02
  65.10778  8.3537369E-03  1.0000000E-02  1.2654572E-02
  65.20802  8.3537369E-03  1.0000000E-02  1.2521981E-02
  65.30827  8.3537369E-03  1.0000000E-02  1.1956986E-02
  65.40016  8.3537369E-03  1.0000000E-02  1.1835376E-02
  65.50040  8.3537369E-03  1.0000000E-02  1.2451307E-02
  65.60065  8.3537369E-03  1.0000000E-02  1.2892618E-02
  65.70089  8.3537369E-03  1.0000000E-02  1.3254017E-02
  65.80114  8.3537369E-03  1.0000000E-02  1.3148186E-02
  65.90138  8.3537369E-03  1.0000000E-02  1.3005911E-02
  66.00163  8.3537369E-03  1.0000000E-02  1.2492098E-02
  66.10187  8.3537369E-03  1.0000000E-02  1.2079791E-02
  66.20212  8.3537369E-03  1.0000000E-02  1.1315745E-02
  66.30236  8.3537369E-03  1.0000000E-02  1.1430891E-02
  66.40261  8.3537369E-03  1.0000000E-02  1.1862938E-02
  66.50285  8.3537369E-03  1.0000000E-02  1.2328962E-02
  66.60309  8.3537369E-03  1.0000000E-02  1.2920905E-02
  66.70334  8.3537369E-03  1.0000000E-02  1.3539258E-02
  66.80358  8.3537369E-03  1.0000000E-02  1.3653307E-02
  66.90383  8.3537369E-03  1.0000000E-02  1.3107486E-02
  67.00407  8.3537369E-03  1.0000000E-02  1.3119518E-02
  67.10432  8.3537369E-03  1.0000000E-02  1.3425557E-02
  67.20456  8.3537369E-03  1.0000000E-02  1.2286341E-02
  67.30481  8.3537369E-03  1.0000000E-02  1.1495852E-02
  67.40505  8.3537369E-03  1.0000000E-02  1.1235652E-02
  67.50530  8.3537369E-03  1.0000000E-02  1.1574050E-02
  67.60554  8.3537369E-03  1.0000000E-02  1.1089055E-02
  67.70579  8.3537369E-03  1.0000000E-02  1.0904098E-02
  67.80603  8.3537369E-03  1.0000000E-02  1.1172950E-02
  67.90628  8.3537369E-03  1.0000000E-02  1.1538553E-02
  68.00652  8.3537369E-03  1.0000000E-02  1.1440107E-02
  68.10677  8.3537369E-03  1.0000000E-02  1.1614521E-02
  68.20701  8.3537369E-03  1.0000000E-02  1.2141316E-02
  68.30726  8.3537369E-03  1.0000000E-02  1.2743321E-02
  68.40750  8.3537369E-03  1.0000000E-02  1.2116859E-02
  68.50775  8.3537369E-03  1.0000000E-02  1.1432137E-02
  68.60799  8.3537369E-03  1.0000000E-02  1.1330838E-02
  68.70824  8.3537369E-03  1.0000000E-02  1.1767648E-02
  68.80013  8.3537369E-03  1.0000000E-02  1.2242331E-02
  68.90037  8.3537369E-03  1.0000000E-02  1.2967989E-02
  69.00062  8.3537369E-03  1.0000000E-02  1.2360724E-02
  69.10086  8.3537369E-03  1.0000000E-02  1.2720992E-02
  69.20111  8.3537369E-03  1.0000000E-02  1.2685896E-02
  69.30135  8.3537369E-03  1.0000000E-02  1.2942664E-02
  69.40160  8.3537369E-03  1.0000000E-02  1.2439099E-02
  69.50184  8.3537369E-03  1.0000000E-02  1.2013488E-02
  69.60209  8.3537369E-03  1.0000000E-02  1.1872971E-02
  69.70233  8.3537369E-03  1.0000000E-02  1.1760647E-02
  69.80258  8.3537369E-03  1.0000000E-02  1.1964935E-02
  69.90282  8.3537369E-03  1.0000000E-02  1.1900147E-02
  70.00307  8.3537369E-03  1.0000000E-02  1.1783705E-02
  70.10331  8.3537369E-03  1.0000000E-02  1.1931905E-02
  70.20356  8.3537369E-03  1.0000000E-02  1.1733278E-02
  70.30380  8.3537369E-03  1.0000000E-02  1.1791202E-02
  70.40405  8.3537369E-03  1.0000000E-02  1.2248367E-02
  70.50429  8.3537369E-03  1.0000000E-02  1.2189538E-02
  70.60453  8.3537369E-03  1.0000000E-02  1.1893482E-02
  70.70478  8.3537369E-03  1.0000000E-02  1.1602262E-02
  70.80502  8.3537369E-03  1.0000000E-02  1.1331195E-02
  70.90527  8.3537369E-03  1.0000000E-02  1.0946308E-02
  71.00551  8.3537369E-03  1.0000000E-02  1.0794864E-02
  71.10576  8.3537369E-03  1.0000000E-02  1.0599343E-02
  71.20600  8.3537369E-03  1.0000000E-02  1.0696759E-02
  71.30625  8.3537369E-03  1.0000000E-02  1.0538821E-02
  71.40649  8.3537369E-03  1.0000000E-02  1.0402743E-02
  71.50674  8.3537369E-03  1.0000000E-02  1.0001304E-02
  71.60698  8.3537369E-03  9.5699111E-03  9.5699111E-03
  71.70723  8.3537369E-03  9.3873995E-03  9.3873995E-03
  71.80747  8.3537369E-03  9.2069864E-03  9.2069864E-03
  71.90772  8.3537369E-03  9.6053784E-03  9.6053784E-03
  72.00796  8.3537369E-03  1.0000000E-02  1.0285478E-02
  72.10821  8.3537369E-03  1.0000000E-02  1.0139851E-02
  72.20010  8.3537369E-03  9.5063468E-03  9.5063468E-03
  72.30034  8.3537369E-03  9.9142190E-03  9.9142190E-03
  72.40059  8.3537369E-03  1.0000000E-02  1.0466594E-02
  72.50083  8.3537369E-03  1.0000000E-02  1.0783240E-02
  72.60108  8.3537369E-03  9.7895751E-03  9.7895751E-03
  72.70132  8.3537369E-03  9.4730480E-03  9.4730480E-03
  72.80157  8.3537369E-03  1.0000000E-02  1.0043353E-02
  72.90181  8.3537369E-03  1.0000000E-02  1.1664720E-02
  73.00206  8.3537369E-03  1.0000000E-02  1.1975445E-02
  73.10230  8.3537369E-03  1.0000000E-02  1.2077340E-02
  73.20255  8.3537369E-03  1.0000000E-02  1.1279588E-02
  73.30279  8.3537369E-03  1.0000000E-02  1.1159233E-02
  73.40304  8.3537369E-03  1.0000000E-02  1.1241074E-02
  73.50328  8.3537369E-03  1.0000000E-02  1.1094638E-02
  73.60353  8.3537369E-03  1.0000000E-02  1.1421040E-02
  73.70377  8.3537369E-03  1.0000000E-02  1.2097033E-02
  73.80402  8.3537369E-03  1.0000000E-02  1.1806876E-02
  73.90426  8.3537369E-03  1.0000000E-02  1.1353046E-02
  74.00451  8.3537369E-03  1.0000000E-02  1.1326415E-02
  74.10475  8.3537369E-03  1.0000000E-02  1.1395228E-02
  74.20500  8.3537369E-03  1.0000000E-02  1.1565652E-02
  74.30524  8.3537369E-03  1.0000000E-02  1.2808762E-02
  74.40549  8.3537369E-03  1.0000000E-02  1.2657045E-02
  74.50573  8.3537369E-03  1.0000000E-02  1.3027449E-02
  74.60597  8.3537369E-03  1.0000000E-02  1.2919799E-02
  74.70622  8.3537369E-03  1.0000000E-02  1.2321199E-02
  74.80646  8.3537369E-03  1.0000000E-02  1.3063774E-02
  74.90671  8.3537369E-03  1.0000000E-02  1.2304507E-02
  75.00695  8.3537369E-03  1.0000000E-02  1.2279773E-02
  75.10720  8.3537369E-03  1.0000000E-02  1.2775929E-02
  75.20744  8.3537369E-03  1.0000000E-02  1.2876239E-02
  75.30769  8.3537369E-03  1.0000000E-02  1.2960441E-02
  75.40793  8.3537369E-03  1.0000000E-02  1.2730009E-02
  75.50818  8.3537369E-03  1.0000000E-02  1.2362468E-02
  75.60007  8.3537369E-03  1.0000000E-02  1.2398792E-02
  75.70031  8.3537369E-03  1.0000000E-02  1.2474576E-02
  75.80056  8.3537369E-03  1.0000000E-02  1.1363821E-02
  75.90080  8.3537369E-03  1.0000000E-02  1.0640691E-02
  76.00105  8.3537369E-03  1.0000000E-02  1.0689130E-02
  76.10129  8.3537369E-03  1.0000000E-02  1.1659103E-02
  76.20154  8.3537369E-03  1.0000000E-02  1.2402349E-02
  76.30178  8.3537369E-03  1.0000000E-02  1.2402711E-02
  76.40203  8.3537369E-03  1.0000000E-02  1.2711275E-02
  76.50227  8.3537369E-03  1.0000000E-02  1.3836741E-02
  76.60252  8.3537369E-03  1.0000000E-02  1.3221830E-02
  76.70276  8.3537369E-03  1.0000000E-02  1.3043519E-02
  76.80301  8.3537369E-03  1.0000000E-02  1.3159157E-02
  76.90325  8.3537369E-03  1.0000000E-02  1.3385454E-02
  77.00350  8.3537369E-03  1.0000000E-02  1.3607583E-02
  77.10374  8.3537369E-03  1.0000000E-02  1.3984408E-02
  77.20399  8.3537369E-03  1.0000000E-02  1.3939705E-02
  77.30423  8.3537369E-03  1.0000000E-02  1.3650541E-02
  77.40448  8.3537369E-03  1.0000000E-02  1.4056355E-02
  77.50472  8.3537369E-03  1.0000000E-02  1.4503612E-02
  77.60497  8.3537369E-03  1.0000000E-02  1.4630877E-02
  77.70521  8.3537369E-03  1.0000000E-02  1.5250720E-02
  77.80546  8.3537369E-03  1.0000000E-02  1.4346317E-02
  77.90570  8.3537369E-03  1.0000000E-02  1.4081243E-02
  78.00595  8.3537369E-03  1.0000000E-02  1.3286707E-02
  78.10619  8.3537369E-03  1.0000000E-02  1.2486216E-02
  78.20644  8.3537369E-03  1.0000000E-02  1.1985308E-02
  78.30668  8.3537369E-03  1.0000000E-02  1.2974519E-02
  78.40693  8.3537369E-03  1.0000000E-02  1.2702044E-02
  78.50717  8.3537369E-03  1.0000000E-02  1.2816294E-02
  78.60741  8.3537369E-03  1.0000000E-02  1.4000678E-02
  78.70766  8.3537369E-03  1.0000000E-02  1.3424565E-02
  78.80790  8.3537369E-03  1.0000000E-02  1.4173006E-02
  78.90815  8.3537369E-03  1.0000000E-02  1.4023756E-02
  79.00004  8.3537369E-03  1.0000000E-02  1.4518524E-02
  79.10029  8.3537369E-03  1.0000000E-02  1.4614869E-02
  79.20053  8.3537369E-03  1.0000000E-02  1.4677439E-02
  79.30078  8.3537369E-03  1.0000000E-02  1.4315274E-02
  79.40102  8.3537369E-03  1.0000000E-02  1.3790324E-02
  79.50126  8.3537369E-03  1.0000000E-02  1.3895453E-02
  79.60151  8.3537369E-03  1.0000000E-02  1.2126176E-02
  79.70175  8.3537369E-03  1.0000000E-02  1.1466625E-02
  79.80200  8.3537369E-03  1.0000000E-02  1.1727503E-02
  79.90224  8.3537369E-03  1.0000000E-02  1.2798740E-02
  80.00249  8.3537369E-03  1.0000000E-02  1.4061810E-02
  80.10273  8.3537369E-03  1.0000000E-02  1.3984536E-02
  80.20298  8.3537369E-03  1.0000000E-02  1.3708896E-02
  80.30322  8.3537369E-03  1.0000000E-02  1.4049257E-02
  80.40347  8.3537369E-03  1.0000000E-02  1.4586026E-02
  80.50371  8.3537369E-03  1.0000000E-02  1.4784815E-02
  80.60396  8.3537369E-03  1.0000000E-02  1.4876666E-02
  80.70420  8.3537369E-03  1.0000000E-02  1.5089665E-02
  80.80445  8.3537369E-03  1.0000000E-02  1.5320835E-02
  80.90469  8.3537369E-03  1.0000000E-02  1.5776909E-02
  81.00494  8.3537369E-03  1.0000000E-02  1.5665416E-02
  81.10518  8.3537369E-03  1.0000000E-02  1.5986125E-02
  81.20543  8.3537369E-03  1.0000000E-02  1.6335314E-02
  81.30567  8.3537369E-03  1.0000000E-02  1.6024677E-02
  81.40592  8.3537369E-03  1.0000000E-02  1.5754230E-02
  81.50616  8.3537369E-03  1.0000000E-02  1.5509463E-02
